23000 18000 6000 20000 19000 15000 11000 29000 26000 24000 5000 28000
23000 16000 9000 4000 2000 13000 4000 5000 2000 14000 3000 1000
30000 12000 17000 18000 19000 14000 5000 21000 14000 11000 1000 19000
25000 26000 17000 9000 2000 2000 1000 3000 17000 4000 15000 7000
28000 6000 25000 27000 2000 2000 20000 12000 8000 9000 27000 7000
12000 3000 22000 1000 2000 1000 9000 8000 19000 22000 27000 23000
15000 6000 24000 15000 15000 1000 24000 3000 19000 12000 24000 19000
18000 11000 4000 7000 13000 26000 16000 2000 24000 11000 5000 21000
16000 2000 22000 16000 4000 1000 4000 29000 22000 9000 13000 2000 
1000 22000 5000 28000 26000 19000 6000 5000 26000 15000 5000 16000
